1,100,'semaine',1
1,100,'soiree',2,3,4,5,6,7,8,9,10,11
1,100,'tous',12,13,14,15,16,17,18,19,20,21,22,23,24,25,26,27,28,29,30,31,32,33
2,200,'semaine',34
2,200,'soiree',35,36,37,38,39,40,41,42,43,44
2,200,'tous',45,46,47,48,49,50,51,52,53,54,55,56,57,58,59,60,61,62,63,64,65,66
3,300,'semaine',67,68,69,70,71,72,73,74,75,76,77,78,79
4,400,'semaine',101,102,103,104,105,106,80,107,108,109,110,111,112
5,500,'semaine',119
5,500,'soiree',126,127,128,129,130,131,132,133,134,135
5,500,'tous',136,137,138,139,140,141,142,143,144,145,113,114,115,116,117,118,120,121,122,123,124,125
