100,'semaine',645,,1,1,0,13 14,2,70,,1,33,4,,2
100,'soiree',1815,,2,1,0,13 14,2,30,,3,1,0,13 14,2,70,,4,1,0,13 14,2,30,,5,1,0,13 14,2,70,,6,1,0,13 14,2,30,,7,1,0,13 14,2,70,,8,1,0,13 14,2,30,,9,1,0,13 14,2,70,,10,1,0,13 14,2,30,,11,1,0,13 14,2,70,,11,33,4,,2
100,'tous',715,,28,1,0,13 14,2,30,,29,1,0,13 14,2,70,,30,1,0,13 14,2,30,,31,1,0,13 14,2,70,,32,1,0,13 14,2,30,,33,1,0,13 14,2,70,,12,1,0,13 14,2,30,,13,1,0,13 14,2,70,,14,1,0,13 14,2,30,,15,1,0,13 14,2,70,,16,1,0,13 14,2,30,,17,1,0,13 14,2,70,,18,1,0,13 14,2,30,,19,1,0,13 14,2,70,,20,1,0,13 14,2,30,,21,1,0,13 14,2,70,,22,1,0,13 14,2,30,,23,1,0,13 14,2,70,,24,1,0,13 14,2,30,,25,1,0,13 14,2,70,,26,1,0,13 14,2,30,,27,1,0,13 14,2,70,,27,33,4,,2
200,'semaine',645,,34,1,0,8,2,70,,34,34,4,,2
200,'soiree',1815,,35,1,0,8,2,30,,36,1,0,8,2,70,,37,1,0,8,2,30,,38,1,0,8,2,70,,39,1,0,8,2,30,,40,1,0,8,2,70,,41,1,0,8,2,30,,42,1,0,8,2,70,,43,1,0,8,2,30,,44,1,0,8,2,70,,44,34,4,,2
200,'tous',715,,61,1,0,8,2,30,,62,1,0,8,2,70,,63,1,0,8,2,30,,64,1,0,8,2,70,,65,1,0,8,2,30,,66,1,0,8,2,70,,45,1,0,8,2,30,,46,1,0,8,2,70,,47,1,0,8,2,30,,48,1,0,8,2,70,,49,1,0,8,2,30,,50,1,0,8,2,70,,51,1,0,8,2,30,,52,1,0,8,2,70,,53,1,0,8,2,30,,54,1,0,8,2,70,,55,1,0,8,2,30,,56,1,0,8,2,70,,57,1,0,8,2,30,,58,1,0,8,2,70,,59,1,0,8,2,30,,60,1,0,8,2,70,,60,34,4,,2
300,'semaine',645,,73,1,0,9 10,2,70,,74,1,0,9 10,2,30,,75,1,0,9 10,2,70,,76,1,0,9 10,2,30,,77,1,0,9 10,2,70,,78,1,0,9 10,2,30,,79,1,0,9 10,2,70,,79,34,4,,2,500,,67,1,0,9 10,2,30,,68,1,0,9 10,2,70,,69,1,0,9 10,2,30,,70,1,0,9 10,2,70,,71,1,0,9 10,2,30,,72,1,0,9 10,2,70,,72,34,4,,2
400,'semaine',645,,80,1,0,11 12,2,70,,107,1,0,11 12,2,30,,108,1,0,11 12,2,70,,109,1,0,11 12,2,30,,110,1,0,11 12,2,70,,111,1,0,11 12,2,30,,112,1,0,11 12,2,70,,112,34,4,,2,500,,101,1,0,11 12,2,30,,102,1,0,11 12,2,70,,103,1,0,11 12,2,30,,104,1,0,11 12,2,70,,105,1,0,11 12,2,30,,106,1,0,11 12,2,70,,106,34,4,,2
500,'semaine',645,,119,1,0,6 7,2,70,,119,34,4,,2
500,'soiree',1815,,126,1,0,6 7,2,30,,127,1,0,6 7,2,70,,128,1,0,6 7,2,30,,129,1,0,6 7,2,70,,130,1,0,6 7,2,30,,131,1,0,6 7,2,70,,132,1,0,6 7,2,30,,133,1,0,6 7,2,70,,134,1,0,6 7,2,30,,135,1,0,6 7,2,70,,135,34,4,,2
500,'tous',715,,120,1,0,6 7,2,30,,121,1,0,6 7,2,70,,122,1,0,6 7,2,30,,123,1,0,6 7,2,70,,124,1,0,6 7,2,30,,125,1,0,6 7,2,70,,136,1,0,6 7,2,30,,137,1,0,6 7,2,70,,138,1,0,6 7,2,30,,139,1,0,6 7,2,70,,140,1,0,6 7,2,30,,141,1,0,6 7,2,70,,142,1,0,6 7,2,30,,143,1,0,6 7,2,70,,144,1,0,6 7,2,30,,145,1,0,6 7,2,70,,113,1,0,6 7,2,30,,114,1,0,6 7,2,70,,115,1,0,6 7,2,30,,116,1,0,6 7,2,70,,117,1,0,6 7,2,30,,118,1,0,6 7,2,70,,118,34,4,,2
